    0.2999    -2.4572
   -1.4079    -1.7313
   -1.5493    -0.5107
   -1.0846    -1.9347
   -0.6433     1.8604
    0.2189    -2.1001
   -3.6119    -2.5334
    2.8885     3.1993
   -3.0758    -3.3715
   -1.6354    -0.1841
   -2.5676    -2.1586
    0.6093    -0.0605
    3.9967     4.8913
     1.361    -2.1336
    2.4439     3.6113
    0.6152     3.9785
   -4.3211    -2.0534
   -1.3789    -2.5095
    0.7687     2.0796
    0.7406    -1.7195
   -0.1185     0.3784
     0.165     0.6785
    0.7003    -0.0768
    0.2695     0.6527
    -1.001     1.4274
    4.4313    -1.1872
    1.1311     1.9154
   -2.5856    -1.8887
   -1.2923    -4.7944
   -2.9312    -2.9994
   -0.7695    -0.7229
   -1.5529    -3.0657
    4.0402     0.7843
     2.457     2.5764
    3.1701    -0.1968
    1.4456     -0.687
   -0.1275    -0.6756
   -0.1639    -0.3137
    4.7843     2.0944
    -3.427    -0.2642
   -0.1355    -1.8257
   -2.7039    -3.5142
    0.7678     2.3035
    1.9372     1.6883
   -0.4084    -2.2006
    2.4369     1.5446
    2.3439     1.3829
   -0.7113    -3.7373
    1.9776     3.1487
    1.6061     2.2882
    -2.065     -0.104
   -3.6431    -1.7067
    2.4417     2.1569
   -4.5981     -2.263
   -1.5612    -0.4891
   -2.6113    -0.1876
    3.5565     1.3783
   -1.1544     3.4687
    3.9751     4.4216
    3.4467      1.071
   -2.2517    -1.9523
    0.1751    -2.3535
   -4.4693    -2.0603
   -2.8964    -0.1856
   -4.5251    -2.9786
     1.429    -2.0337
   -0.4985     1.3228
    4.3853     0.9955
     2.159    -0.4246
    1.2052     2.5472
    2.6272     2.4302
   -0.9561     1.3257
   -2.5881    -1.1821
    4.4375     2.4969
   -1.4996      2.004
    -1.585     2.9798
    2.9776     3.9998
   -1.8925    -3.2298
    3.4402     5.2092
    0.7608    -1.1957
    -5.251    -4.8126
   -0.5723     -1.237
    1.7847     5.0692
    0.4233    -0.5168
   -1.5496    -1.8188
   -0.4685    -1.6037
   -0.6302     0.6574
     1.066     4.1777
    1.5639    -0.7085
    2.6961     1.0324
    2.4464     1.3032
   -2.4767    -2.5767
   -0.7388     0.3779
    1.0944     0.6573
   -0.3919    -1.1865
    1.2273     0.8084
    3.2868     3.6675
      0.97        2.7
    -0.023     0.0892
   -1.0319    -2.5538
    4.0264     5.6238
    0.5777     -1.286
    3.1482     3.0176
     2.559     0.4673
    1.7231     1.5365
   -2.3767    -0.4721
   -2.4692      1.096
     7.924     3.1797
    1.4097    -0.6259
   -1.0631    -3.6038
    1.8517     3.0426
     0.518     2.1786
   -2.7826    -5.4186
    1.4722    -0.3201
    4.5123     2.5103
    1.7916     1.5852
   -0.0154     1.4847
   -1.0333    -1.4931
   -4.5138    -2.8303
   -1.2652    -2.3329
    0.7032    -1.3897
    0.8523     1.7691
    0.2471    -0.6704
   -0.5671      2.722
    0.9349    -0.0186
    0.9045      2.313
   -3.0617    -1.3214
     3.953     1.5173
   -3.5435    -2.5519
   -4.2018    -5.5649
   -2.1859    -3.0084
    2.0514     1.9469
   -1.4476    -2.2311
    5.5147     2.5847
   -1.4055     -0.716
   -3.0888     0.7974
    2.6441     3.5773
    3.2773    -0.6042
   -1.7935     0.8534
    2.2114     3.5897
   -0.7052    -0.0329
    2.2694     4.2346
    -0.267     0.1539
   -2.8178    -1.8841
     1.792     1.0908
   -0.1705    -0.2509
   -0.5875    -1.6925
    2.5182     1.6803
    0.5939    -0.4673
   -2.5503    -2.2572
    0.2382     0.7432
   -1.1462    -1.3914
    0.2587    -0.4685
    0.3094     0.1656
    -3.348    -0.4747
   -0.7354     1.8233
    2.6118    -2.3471
    -1.507     0.9319
   -1.3876    -0.7066
   -5.0959    -3.9146
   -2.1995    -0.7489
   -5.2276    -4.3634
   -3.0456    -2.2047
   -2.9411     1.0796
    2.5774     0.3181
   -4.2295    -2.2571
   -1.5203    -0.5747
    3.7789      2.892
   -0.5532     0.0977
    1.6271     2.1435
    3.0994     2.9818
   -3.4598    -0.8279
    0.5124     1.3247
   -0.4866     0.9804
   -2.8959    -3.6675
   -2.8826    -4.7297
    0.1878    -1.7517
   -1.4744     -1.746
   -2.2879     1.9034
   -0.0971    -0.3225
    4.2599     0.8986
   -0.1857     4.6978
    1.5045     1.5476
   -0.6021    -0.0047
    3.5913     1.6841
     1.321    -0.9035
   -4.8882    -3.9553
    1.2061     0.0562
   -2.0963    -0.0736
    2.6393    -1.7069
     0.301     2.1968
    2.6082       0.83
   -4.2633    -2.3749
    -1.113    -4.8558
    2.5978     2.0596
   -4.1491    -4.6989
    0.1403    -0.3554
    -3.021    -1.5578
     4.316        3.9
   -4.8836    -1.0911
    3.0972      1.505
    1.1434    -0.3705
    0.4022    -0.9356
    3.2438     2.8825
    3.3237     1.6616
   -1.9745    -1.5778
    2.4854     1.4968
   -2.9768     0.0412
    0.7563     2.1189
    1.1935     0.8365
    0.0856     1.1433
   -0.9028     1.2775
    1.1123     0.5246
    1.3133     1.5213
   -2.5067     0.9605
    4.1767     0.8507
    1.9316     4.5334
    2.0671     0.0224
    0.9953    -0.2492
   -4.0187    -5.8669
   -1.4582    -1.4433
    3.6767      1.555
    0.3429    -0.7105
    4.2591       1.18
   -2.9661     0.3774
   -1.1682    -0.6842
    0.6523     -0.205
    1.8373    -0.6278
    1.9055    -0.3489
   -2.1176    -1.7592
     4.851     2.9838
    2.1425     2.5748
    0.1001    -1.2415
   -1.6105    -0.8619
    1.0079     1.8476
    3.2767     0.2771
   -4.1118    -2.7867
    1.8852    -0.2956
   -2.7795    -1.3757
   -0.5073    -0.1442
    0.8247    -1.1588
    3.5376    -1.3743
    2.1682    -1.4361
    3.4618     1.6485
   -5.9165    -1.5943
   -0.8195    -2.4102
    0.5411    -0.9531
   -3.1227    -0.6332
    0.0534     0.3458
    0.2803    -1.2495
    2.4752     2.6967
    0.2086     -1.929
    3.1375    -0.1883
    1.1371    -3.3358
   -0.9293     1.0543
   -0.1612     1.1744
   -1.5682    -1.0973
   -1.2816     0.9345
   -0.6928    -0.1165
    -1.775    -0.9239
    1.6315    -0.9434
   -0.6521    -1.5804
   -4.0194    -5.5364
   -0.2646    -0.4965
   -0.5458     0.3117
   -3.3176    -2.1668
   -1.8598    -2.4173
   -0.1557    -0.1779
   -3.1022    -1.1069
   -0.7464    -0.7539
    0.2045    -3.3746
   -0.5874    -1.5959
   -1.8196     1.3376
   -0.2838    -1.6438
    2.8628      4.561
   -3.5686    -4.2117
    0.7282     2.1259
     0.648     0.9144
    1.8639    -0.3861
   -1.8518    -6.3246
    0.3369    -0.8649
    4.3662     5.0292
   -1.3682     0.3831
   -0.2911    -1.8293
    1.7977     1.3297
   -0.8143    -1.7052
   -0.1052    -0.6543
    1.5057    -0.2385
    -2.846    -0.8064
   -2.0692    -1.1882
   -0.2503    -0.1597
    0.6107    -0.6352
   -0.1254       0.58
    2.2161     2.0037
    4.8214     5.0849
   -0.8006     0.9403
   -1.4727    -0.2936
   -2.3706    -0.3965
   -0.7849     -1.347
   -1.4997    -0.9705
       1.2     0.6189
    0.9811    -0.0251
    2.4192     5.3805
    3.5555      3.417
     1.888     0.1499
    1.3537     1.9862
   -0.9224    -1.6628
    1.3234    -0.7904
   -1.1216    -3.1059
   -3.9013    -2.2028
   -6.9771    -3.3082
    3.4659     0.3913
     2.821     1.6979
   -1.7519    -2.0667
    0.3519     0.3529
   -1.1556    -0.2106
    2.9803     2.4634
    4.5556      4.129
   -1.6087     -2.545
   -0.0597    -0.3419
    1.0271    -1.2057
   -1.6862     3.9012
    1.2118     1.3263
    1.5449    -0.0273
    1.0453     0.5229
    4.3262    -0.7844
    -2.641    -0.5112
   -0.4064     3.2385
   -0.1539    -0.0496
   -0.0033     0.7242
    3.5441     0.1331
    3.2015     3.0511
    3.2506     1.9766
    2.6093     0.8015
    -2.684    -3.5139
    -0.129    -0.5747
   -1.9687     -0.576
    4.9351     3.2595
   -3.2818    -1.0566
   -0.0838     1.0045
    -2.205      0.665
    1.3532    -0.9298
   -2.3112    -2.8743
    0.2546       0.93
    2.6173    -3.0895
   -1.1075    -0.1823
    1.7025     4.8492
   -4.0404    -0.6934
    0.2284     2.4201
    1.1819     0.6193
    3.0772     1.4055
   -1.1697    -1.1365
    0.0473     1.7599
   -0.8592    -4.6059
    2.4925     4.1536
    0.4426     2.9313
   -0.8162     0.2435
    3.2084     0.1254
   -0.1908     0.1475
   -1.2677     1.5508
     0.084     1.6853
    0.3162     2.3151
   -0.5004     2.6447
   -3.1305    -2.4409
   -1.3546     0.8343
   -3.5574    -0.4054
   -0.1606     1.7218
   -1.5136     -2.247
   -4.5327    -5.8252
    1.4828     3.2958
   -1.1443     -1.205
    1.0318     1.9309
    2.3119     2.0982
    1.8507    -0.6328
    2.6539     1.6511
   -3.6839    -1.3176
    0.7239     1.9204
    -2.863    -5.6726
   -2.4174    -0.4198
   -2.7239    -2.3701
   -1.0795    -1.5358
    1.2767     2.3278
     0.224    -0.8733
   -1.2951     3.1903
   -1.2558     2.5784
   -2.7122    -0.3559
   -3.9618    -0.3656
    2.6286     1.3728
    1.9762     4.7912
   -2.4735    -1.2119
    1.3353    -0.3154
   -0.1023    -4.4238
   -5.7782    -4.8199
    1.0075    -1.2459
    2.1674     0.3426
   -2.6885    -3.4317
    0.4939     3.0044
   -5.2821    -1.7803
    0.9251      0.222
    0.2101    -0.1892
   -1.9294     0.2046
    4.7523     3.8309
   -0.2956     2.7178
    4.1136      1.397
    0.2323     2.3771
    1.0052     1.3672
   -0.8511    -1.1628
   -2.5012     0.7413
   -1.1616    -4.5162
    -2.032     0.1529
   -0.1579     1.8698
    4.5514     2.5877
    2.1241    -0.2419
   -1.0186    -0.5653
    4.0044      0.212
    0.0072     3.8145
    2.3626     0.6403
   -1.1909      1.613
    3.0814     0.0206
   -0.6276     1.7553
   -3.9631     1.8275
     -2.98    -2.7948
   -0.8095    -2.0847
    0.8677    -1.8153
   -0.5879    -0.3511
   -0.6345     1.3465
    0.7206    -3.1538
    -3.402    -3.3914
   -0.0074     -0.067
   -2.0229    -1.1765
     1.884     1.8554
   -3.8052    -3.2353
    0.8188     1.8906
    0.2538    -3.1196
    0.9541     0.3565
    2.0994     2.4744
   -0.1696     2.2893
   -1.0885    -1.0823
   -3.6926    -2.1513
   -1.0238    -0.8147
   -0.7887    -0.0592
    2.4542      4.586
    -3.508    -2.5984
    1.1965    -2.3707
   -4.0557    -2.3165
    0.5045     0.4748
   -1.2885    -1.4595
   -2.9047     1.2524
    0.3729     1.1261
   -0.0304     4.7591
   -0.0519     0.9543
   -2.6728    -2.4022
    2.4422     -3.021
     0.408     -1.516
   -1.4532    -2.5397
    2.7164     1.0122
   -0.2581      0.992
   -1.2805    -1.3951
    4.5551     1.3801
   -0.8075    -2.9247
    -3.048    -1.9365
    7.6165      3.368
    1.5062     1.6641
   -2.2946    -2.4599
    6.4529      3.562
    0.1444    -1.4363
   -4.9842    -4.0688
    1.0872    -0.7674
    1.2052    -1.0402
   -2.1973     0.0021
    1.3967     0.6976
   -0.6364     -3.087
    0.2924     1.1004
   -1.8494    -0.0053
    2.2148     1.8058
    1.6939     2.9086
   -1.6043    -2.4826
   -1.2017     0.4839
   -1.9012    -4.0353
   -0.3052     -1.389
   -4.7204    -0.7688
   -0.0063    -3.9083
   -1.1536      1.882
   -1.5264     0.2054
    4.4996     2.3647
   -0.7902    -2.2997
    0.5977    -0.3702
   -1.9253    -2.6676
   -1.1212     1.8981
    1.8368     2.8371
   -2.1704    -0.8297
    2.2954     0.9799
    3.1189     0.3448
   -0.3893    -1.9463
   -0.8349    -0.4292
   -2.9582    -2.7494
   -2.1424    -1.2622
   -0.1953     1.3913
   -0.1293     3.7278
   -0.2829    -0.9027
   -1.1501     1.4366
    2.1038     1.4341
   -0.3859    -1.0922
   -1.5574     1.5787
    0.0801    -1.7576
    2.0915     1.1515
   -2.3403    -2.3157
   -3.0505     1.1338
    0.4157    -0.5801
    0.7872     1.2743
    -1.148    -1.2424
   -1.1834     1.9752
    0.3361    -1.0049
   -4.5773    -2.0524
    1.8252     0.2529
   -2.7602    -2.0783
    3.0148     2.3483
     2.701     2.0782
    0.6799    -0.7101
    0.9008     3.0376
   -0.5916    -0.8627
    0.2024    -2.6636
    0.1404     1.9142
    1.6939     0.2622
    0.0293    -1.1391
   -1.5934    -0.5252
   -0.7741     1.0072
    0.1234     1.4602
   -1.5352    -0.4913
    1.8821    -1.9763
    -0.398    -0.1301
    -7.114    -2.0896
    1.2461     0.6544
   -0.3682     0.3058
    2.5552     1.1544
   -2.1465     0.8703
    0.3953     3.4058
    0.1073    -1.0592
    0.0721    -1.0876
   -3.3029    -3.2361
    0.9236     -1.675
    1.5503     2.8157
    0.6352    -0.1963
    -3.613    -1.5541
    2.8807     0.5555
    0.6316     0.3267
   -1.3272     2.9324
   -4.7069    -1.3201
   -2.4082     -1.105
    0.5194     0.6331
   -0.2637      0.008
    0.8167     1.2316
    3.8953     0.6642
    0.0961     3.4438
   -3.1304    -2.2178
    1.9692     3.3175
   -1.2619    -1.1673
   -2.7688    -4.2924
   -0.2137    -0.3687
   -0.7455     1.8938
    2.6475     1.6162
   -1.7823     -0.217
     -0.08     4.3633
   -0.5535    -0.3927
   -0.1882     0.6621
   -1.4693    -1.3495
     0.924    -1.3261
    1.1809     3.2832
   -3.4564    -1.0181
   -0.9756     1.1532
   -4.5315    -3.2742
    2.3785    -1.4393
    0.5142     2.1008
    0.2903    -0.7421
    2.5745     3.2598
    1.5695     1.9669
   -2.7806    -2.3527
    3.6426     2.0543
    0.5112     1.2339
     1.012     -0.887
    3.0284     1.7081
   -1.2379    -3.4674
   -1.2922     1.7707
    5.2153     5.4496
    1.6797    -1.8056
    0.9463     3.5331
     1.411     1.6413
   -0.4625     2.3092
   -0.1083    -1.4695
    3.4535     3.8995
   -1.4193     0.5199
    2.2626     1.3045
    4.4053     3.9124
   -0.5848    -3.3433
      4.16     0.2132
    0.1049    -0.2221
    0.1591    -3.0972
   -2.3658    -0.2457
   -2.9702     0.1247
    1.4416    -1.5273
   -1.0188    -1.1296
    -0.559    -3.4839
    2.1425    -0.4653
    -1.187     0.9435
    0.0727    -0.5344
   -1.6952    -0.2083
   -1.5252     -3.102
   -1.3104    -1.3911
    1.8348     4.9758
     1.721     6.0083
    1.8528     1.3514
    2.1641     3.5557
    3.1996     0.7494
   -1.8557    -1.1421
      0.78     1.2496
    1.6882     1.1645
   -0.8983    -0.8869
    0.9129    -1.5674
   -1.5264    -0.2074
   -3.6811    -2.1136
    2.4441    -0.8062
   -0.1295     -1.998
   -2.4069    -2.7421
    1.4852     1.6449
    2.1548     0.8591
    0.5499    -1.7043
   -2.9171    -0.2891
   -0.1768    -2.8637
    0.1749     0.0474
   -2.6053    -2.9987
    -1.225      1.926
    0.8651    -3.0946
   -0.5384     0.4632
    3.5763     0.0177
    -1.919     1.5578
   -0.8662    -1.2939
   -1.3744    -0.2745
    0.7552    -0.2199
    4.8916     3.4068
    -0.328    -2.8392
     2.814     2.6289
   -0.0465    -0.2196
    2.9894     4.3268
    1.0963    -2.1048
   -0.1124     0.9962
   -2.0965     -4.791
    2.4382     3.9418
    1.6675      0.134
    0.6324      4.312
    0.6971       0.28
   -3.1445     -1.728
   -0.9965    -2.5741
    1.6249    -0.9172
   -1.9488    -3.8566
   -1.4795    -0.7398
    2.1667     2.0692
   -0.8539     -1.061
    0.0452     2.6012
    0.6689    -2.0721
    0.2679     1.1107
   -3.6797    -1.4269
    1.7591    -0.7529
    0.6685    -0.8726
    3.0299     4.7474
    2.3829     2.4521
   -3.7868    -1.0151
   -0.0172     0.2273
    2.4834     3.4109
     1.274     0.2017
   -0.2912     0.1381
    0.2121    -0.8538
    0.9973    -0.3272
    0.2433    -4.0901
   -1.2062        0.8
    1.6982    -2.5874
   -3.7908    -2.4288
    3.1566    -0.0802
    2.2937     1.9312
    3.4589      1.944
   -1.5456    -0.7362
   -0.9553     0.6768
    4.0808     3.4322
   -0.3898    -2.1063
    0.6699    -1.3745
   -2.8426    -1.2426
    5.0733     3.5921
    2.3751    -2.6758
    0.7514    -1.3445
   -3.4307    -0.7199
    0.3813    -1.7394
    3.9159      6.102
   -2.2519    -0.5495
    0.9886     0.2512
   -2.0033     0.2233
    2.4376     4.2978
   -0.5302     0.8099
   -0.3174    -2.9302
   -2.4688    -4.3621
    -0.788    -2.6829
   -0.4166    -1.5549
    0.0954    -0.0167
      1.15     1.5543
   -3.9191    -0.7995
   -0.1383      1.634
    4.5912     1.9913
   -1.0848    -0.2412
    1.9688     2.2852
   -0.6013    -2.4405
   -3.6222    -2.2491
    2.2473     2.1816
    2.5769     3.1861
    2.7211     3.2084
   -1.6091    -2.8508
   -5.0229     -4.656
     4.034     3.9525
    2.0213    -0.7628
    0.8476      0.351
   -1.1079     0.6435
     2.783     1.3934
   -2.1141    -1.3296
   -1.5047    -1.0327
   -4.7487    -4.1301
   -0.9402     0.0968
    1.9752     0.1507
   -1.7761    -2.9362
    0.4853    -0.9569
    4.0793     2.7062
    1.0044     0.6265
    1.6844     2.3675
   -2.4479    -1.3265
    4.1146     2.7978
   -0.7969    -0.3084
   -0.9315     1.3316
   -1.1414    -3.3396
    0.3992     2.2738
    0.6062    -2.5799
   -1.3417    -2.7145
   -5.9765    -2.5264
   -2.5289    -1.5801
     2.907     2.3877
   -0.3645    -1.1709
   -4.2376    -3.4327
   -0.8443    -0.8648
   -0.1188     2.9743
   -2.6135     0.2329
    5.0113      1.364
   -1.5514     1.2794
    -1.237     1.7225
    1.3816     3.5315
    1.8548     4.7531
   -2.3008    -3.2761
   -2.7324      0.042
    -5.562    -4.3261
    4.8662      3.763
    2.1449    -0.9737
   -5.2531    -2.5851
   -1.8718     2.0638
   -3.7732    -2.4773
   -0.1515     0.2828
    0.8492     2.2012
    0.8205    -1.7223
   -1.0281    -2.3114
   -2.1711    -2.0945
   -3.0854    -3.0888
    0.7822      1.743
    1.3527     0.1103
   -0.0265    -1.1903
   -0.0936     1.0058
   -2.9393    -1.4689
    0.6407     2.4121
   -2.5809    -1.0792
   -2.0927    -0.3232
    0.9325     0.2009
    1.2218     3.5353
   -2.5618    -2.3209
    0.5083     2.4572
   -1.8103     0.0731
    0.5186     1.0427
    0.8858     1.0106
    1.8123    -3.8729
   -1.1457    -4.7131
    6.1182     1.5467
    0.5437    -2.4511
   -0.7393     0.1231
   -0.4162    -0.4714
    1.3084     3.1037
   -2.3247    -5.4608
   -1.0409     -4.317
    2.9134      3.736
    1.3383     1.1385
    2.6587    -0.3479
    2.9889     4.7859
    3.2381    -1.1879
   -0.9485    -0.0019
    1.0772     0.2196
    0.6796    -0.6555
    -2.462    -3.3659
   -0.0533    -4.4918
   -0.4125      0.146
    -3.528    -2.3663
   -0.8104    -1.2354
   -2.2436    -3.8317
    8.3113     5.3828
   -4.0444    -2.3392
   -1.8232    -4.6191
    3.0709     1.1966
    2.3875     0.6721
   -0.6696     1.6833
   -4.3222    -2.7344
   -1.9166    -2.4825
    1.1613     1.5213
   -0.7475      0.553
    0.2845     -0.337
   -0.4261     2.8722
    0.8124     2.1916
    0.8907     1.5028
   -3.0365     0.5778
   -0.7177    -0.6052
    1.2218    -0.1619
    1.3967    -2.0935
   -2.6671    -1.8083
   -0.2019    -2.9208
   -1.1292    -1.8339
   -0.8351    -1.8494
    0.9702     2.0288
    0.5154    -2.5516
   -0.4789    -2.9095
   -2.6231    -3.4983
   -2.2981    -1.2305
    2.0634    -0.8411
   -0.0513     1.0997
   -1.0559     1.6377
    1.2625     -1.018
    0.8916     0.9898
   -0.2878     0.5494
   -4.6774     -2.954
   -1.2817     0.3673
   -1.9387    -0.3941
   -2.3322    -4.2574
    3.0177     0.7293
   -0.8086    -2.9147
    1.9153    -0.5511
   -0.4112     -1.945
    0.4878     2.6526
    1.5048    -0.0646
    1.2505    -0.9753
    2.7537    -0.4031
   -6.4432    -5.7625
   -1.3963    -7.6074
     1.085    -1.6608
   -3.6846     -7.435
    1.3525     1.1954
    2.2155     1.4249
    0.2815     2.1055
    0.7414     0.6864
    1.6739      3.543
   -0.3126     1.4974
    3.5004     6.3223
   -1.2604     -1.813
   -4.1405    -0.9093
    2.6391     3.2462
    3.4995     -0.643
   -0.8921    -1.9812
   -0.6407    -1.3801
   -0.7123    -0.8962
   -1.4038    -0.0635
   -0.7527    -0.4582
    0.7281     0.3972
   -2.3697    -1.3349
    0.8711     -0.847
   -0.7239    -1.8901
   -0.5303     0.0795
    1.3167     0.2038
   -2.2465     0.8999
   -1.5451    -2.6835
    4.6682     4.9303
   -2.6818    -2.9761
    2.7792     0.1472
   -1.6353    -0.7657
   -1.3688    -2.2909
    2.0631      0.747
    4.2098     2.7055
     0.258    -0.0022
    0.4281      2.332
   -0.5213     2.3804
    1.4336     3.9023
    0.5321     0.1765
   -1.6511    -1.1973
   -0.8041     0.4257
   -0.8111    -1.3613
   -1.8674    -0.3092
    1.1004    -0.5604
    4.8523     2.1824
    0.6172    -0.7734
    1.1403     3.2082
   -1.8117    -0.3113
   -0.2339    -4.4995
    0.8693     2.7887
   -1.2993     0.9038
    3.3293     4.0298
    2.5757    -1.3129
   -2.1173    -3.0374
   -2.1793    -4.3962
    2.8722     1.0068
    1.8382     0.2686
    1.0883     0.2167
     0.842     0.8238
    -2.551    -1.7105
    0.0566     0.0876
   -0.1142    -1.2704
    0.0783    -0.7544
   -2.5678    -1.6396
    0.1755     2.5814
   -1.3843      0.068
   -0.6901     0.9731
    0.6462     3.2086
     -0.51     0.6451
    0.6141     0.7788
    2.1381    -0.9309
   -2.1991    -3.3379
    1.0905    -0.8194
    -0.209     0.1272
   -3.6188    -4.1172
    2.0555     4.3338
   -4.4922    -1.2215
    0.9615     0.6275
   -1.7692    -1.5757
   -2.5707    -1.8367
   -2.1709    -1.7545
    1.4336     2.0149
   -1.1226    -1.6819
   -3.5195    -2.1407
    0.1426     0.5628
   -0.1759     -0.535
     1.816    -0.0143
    0.7623    -4.1342
    0.7666     -0.408
    0.8357     0.3855
   -0.0928     1.0364
   -0.1393     1.6292
   -1.7993     0.0458
    1.4478    -0.2716
   -0.6541     1.2029
    2.6331     0.5104
   -2.3742    -2.6339
    1.6413     0.7616
    2.2283     0.1287
    0.6028    -2.1642
   -4.1161    -5.0181
    0.3048     2.2428
   -1.2163    -3.7695
   -4.1713    -3.2372
    1.6949    -0.3768
    0.9439     -4.431
    1.0953    -0.0936
    0.8312      0.635
   -0.5156    -2.7615
    0.2946     1.2346
   -1.9638    -2.8317
   -0.9284     1.0293
   -0.8545     0.0404
   -0.4084     0.9877
    2.2865     0.0885
   -0.1759    -1.1703
   -2.2388    -0.2491
   -1.6665    -3.5961
   -2.9194    -3.7861
    1.0462     0.4982
    -3.701     -1.447
    4.0737     1.9077
   -0.7172    -1.2257
    2.8074     0.4567
   -3.9663    -1.8144
    -2.629    -0.0543
    0.4686    -1.8009
    1.7114     1.7554
    -1.041    -1.0847
   -5.0255    -2.5001
    0.8333    -2.6324
    0.7417     1.1511
   -2.5899    -4.7435
   -1.1438    -0.1017
   -0.9029     0.3479
   -2.5861     0.8096
    0.3614     1.1262
    0.2742     2.4771
   -0.0051    -2.4011
    1.1409      0.696
    0.1603     1.1585
    -1.876    -1.7183
    2.7557     3.4669
    -0.613     2.5559
    2.2845     3.8525
     0.199    -0.0058
   -1.4672    -0.4463
   -2.0008    -0.2502
   -1.4483     0.4997
    -2.546     0.6539
   -0.4042     1.6523
   -0.0608    -1.0262
