25
21
23
14
16
30
26
32
21
19
18
18
27
30
24
21
16
23
21
16
21
23
18
24
22
18
25
18
18
18
29
14
25
25
18
17
30
30
24
12
16
20
28
21
22
22
25
17
16
24
16
17
22
11
20
22
23
24
28
16
7
17
26
24
20
15
24
17
19
19
25
21
26
20
23
29
20
22
33
14
11
14
15
19
18
22
22
25
18
27
23
17
13
19
28
32
21
27
14
19
20
20
19
20
29
28
18
14
13
19
22
14
24
26
13
19
25
25
11
20
26
21
22
27
19
22
22
20
24
16
21
31
19
25
19
22
34
21
18
18
18
20
19
24
18
23
17
16
19
11
23
23
18
27
22
18
29
26
26
23
20
30
29
24
30
17
16
26
22
21
27
23
21
33
18
22
19
25
22
30
24
27
24
31
38
29
22
28
22
21
23
22
29
21
14
18
27
23
23
16
29
26
23
21
27
28
18
13
19
19
14
27
21
25
16
26
17
26
22
17
25
25
13
12
22
18
31
22
21
24
26
23
25
22
27
24
22
16
16
24
15
20
21
12
20
16
27
16
14
24
27
15
17
23
26
17
15
19
24
24
15
20
17
13
21
22
23
27
24
18
18
14
25
19
21
29
26
22
11
19
31
23
26
16
15
23
29
22
20
21
23
18
29
16
24
18
18
16
14
26
24
21
26
19
17
33
20
16
33
20
17
25
20
22
27
26
19
18
24
19
22
25
17
24
18
23
24
20
19
32
23
25
16
39
12
16
29
19
9
24
26
22
21
22
18
27
29
23
23
29
18
43
16
13
22
20
16
21
29
26
19
11
32
24
20
18
20
21
19
25
16
28
27
17
19
14
27
30
13
21
18
22
26
16
24
20
19
18
13
14
27
19
19
24
22
24
24
29
20
20
16
18
22
21
21
25
18
22
24
28
15
27
15
22
14
22
22
19
17
25
19
16
27
16
19
17
22
20
20
15
27
11
13
28
24
28
30
21
19
19
15
28
23
32
17
19
21
12
25
32
11
25
30
20
30
27
21
14
19
22
14
22
14
24
24
20
15
20
21
21
24
26
17
17
25
22
21
24
25
8
14
17
20
15
20
23
24
24
21
20
24
19
14
17
24
15
32
21
26
24
24
21
19
25
19
10
29
21
35
28
23
24
22
16
27
15
18
23
17
26
19
22
23
16
16
13
27
27
21
24
30
30
17
18
28
15
17
18
20
20
27
15
30
20
29
14
22
20
8
20
24
22
21
21
21
20
19
16
13
21
19
22
18
14
22
24
31
20
20
26
20
16
20
29
15
18
12
19
28
19
25
34
23
20
20
23
11
19
18
25
20
45
20
18
29
23
19
35
28
26
24
30
19
16
18
18
20
23
29
17
16
36
33
20
24
18
27
25
21
23
19
18
25
27
26
27
20
38
25
29
14
29
27
25
22
23
18
20
27
23
24
20
13
12
23
25
21
30
17
18
27
21
10
23
15
19
22
23
22
25
23
22
23
20
16
27
36
27
22
21
26
17
25
25
15
25
16
17
21
20
19
21
16
16
14
23
19
19
19
20
23
21
22
29
23
16
19
14
19
23
19
26
16
22
31
16
17
19
31
27
25
20
13
27
22
19
19
15
24
14
14
36
37
26
26
16
18
20
19
13
17
21
26
19
22
19
17
22
23
22
21
20
27
23
18
22
34
17
20
27
13
16
13
23
28
21
24
15
18
21
21
19
22
22
17
23
31
17
16
21
26
24
22
30
14
15
18
19
19
14
9
24
19
19
17
13
21
21
25
19
21
20
19
26
27
28
32
23
16
18
19
25
28
18
26
24
19
23
19
15
12
12
17
17
18
21
14
16
21
20
20
13
16
20
16
26
23
25
22
20
32
18
25
19
27
21
25
17
20
20
25
20
25
31
17
18
14
22
26
30
15
25
20
29
16
26
17
22
17
15
24
17
19
18
22
28
19
13
19
19
17
26
20
23
23
25
24
27
18
25
15
21
16
30
21
38
22
13
22
20
15
23
14
14
18
17
14
20
23
28
24
24
14
28
13
13
21
23
21
27
25
17
19
22
28
23
21
14
25
21
25
21
15
30
20
18
15
20
21
27
24
20
21
26
19
13
20
17
14
16
21
24
18
23
19
14
19
30
21
15
26
17
14
24
12
16
22
21
24
29
22
19
23
24
19
14
19
22
18
20
22
24
21
21
30
12
22
13
20
24
25
17
23
29
33
24
28
23
28
26
22
19
16
27
29
17
18
23
22
19
